50541
39925
8283
88780
76241
65968
44673
63899
40150
7501
98960
6935
1531
40705
68523
20721
94388
35273
26056
27284
74340
58839
10464
51568
30784
74408
85740
41265
3842
1727
67460
55984
40660
23021
66446
16697
68511
96844
67477
46548
35093
35221
86702
96737
25790
25310
97159
59452
3412
10275
81324
86461
71681
89920
7911
27828
47149
28238
85900
47810
18376
87092
81588
98017
96119
91097
95128
5048
38164
68016
57270
7278
13384
76033
89522
93568
40915
91665
30270
20526
24485
42445
44783
90062
42450
42964
19571
10569
82564
6536
78534
13012
17090
286
45567
9271
62701
56935
805
14202